1 0.225260 0.579630 0.035937 0.046296
0 0.207552 0.557407 0.016146 0.042593
1 0.246354 0.518981 0.034375 0.060185
0 0.259375 0.493981 0.039583 0.047222
1 0.268750 0.275000 0.038542 0.050000
2 0.528646 0.832870 0.028125 0.045370
0 0.531510 0.806481 0.017188 0.048148
1 0.558854 0.820833 0.034375 0.071296
0 0.542708 0.795833 0.019792 0.058333
2 0.588281 0.784259 0.031771 0.053704
0 0.581771 0.758796 0.021875 0.047222
1 0.738802 0.284259 0.035937 0.057407
0 0.743490 0.269444 0.018229 0.072222
1 0.786198 0.265278 0.029687 0.050926
0 0.787500 0.230093 0.016667 0.049074
