1 0.505729 0.582870 0.050000 0.084259
1 0.548177 0.390278 0.047396 0.082407
1 0.286979 0.554630 0.042708 0.059259
0 0.517969 0.581019 0.031771 0.078704
0 0.279948 0.544444 0.030729 0.040741
2 0.567187 0.581019 0.047917 0.078704
0 0.562760 0.581944 0.022396 0.052778
2 0.684635 0.538889 0.050521 0.064815
2 0.741146 0.516204 0.046875 0.067593
2 0.340885 0.550000 0.030729 0.061111
0 0.320573 0.533796 0.019271 0.060185
2 0.463021 0.450463 0.033333 0.052778
0 0.483073 0.456944 0.030729 0.039815
0 0.540885 0.452778 0.017188 0.024074
0 0.307031 0.642593 0.027604 0.055556
0 0.367448 0.452315 0.023438 0.030556
0 0.389323 0.478704 0.032813 0.027778
2 0.553125 0.445833 0.029167 0.043519
