1 0.730078 0.913889 0.032031 0.050000
1 0.911719 0.636111 0.026562 0.047222
1 0.377344 0.045139 0.021875 0.037500
1 0.542578 0.550000 0.022656 0.033333
2 0.412109 0.679167 0.017969 0.025000
2 0.285547 0.204861 0.014844 0.018056
2 0.260156 0.175000 0.015625 0.022222
1 0.343359 0.779861 0.014844 0.031944
2 0.345313 0.752083 0.017188 0.023611
1 0.423438 0.742361 0.020313 0.031944
1 0.269141 0.213889 0.022656 0.047222
0 0.378125 0.024306 0.014063 0.037500
0 0.259375 0.113889 0.012500 0.033333
0 0.276562 0.181944 0.012500 0.036111
0 0.286719 0.187500 0.015625 0.044444
