2 0.481250 0.275694 0.018750 0.029167
1 0.712500 0.604861 0.025000 0.048611
2 0.188672 0.609722 0.030469 0.058333
2 0.317578 0.529861 0.028906 0.062500
2 0.347266 0.482639 0.022656 0.043056
2 0.374219 0.493750 0.023438 0.040278
2 0.394531 0.581250 0.020313 0.045833
2 0.478125 0.475000 0.025000 0.052778
2 0.575000 0.390972 0.021875 0.043056
2 0.798828 0.577778 0.024219 0.047222
2 0.770312 0.692361 0.021875 0.043056
1 0.017188 0.500000 0.034375 0.063889
1 0.291016 0.484722 0.039844 0.066667
1 0.212500 0.572917 0.037500 0.062500
2 0.957031 0.347917 0.029687 0.043056
2 0.463281 0.414583 0.029687 0.062500
1 0.441797 0.442361 0.022656 0.048611
1 0.471484 0.727778 0.025781 0.063889
1 0.499609 0.725000 0.021094 0.050000
1 0.726953 0.706250 0.032031 0.045833
2 0.146875 0.310417 0.043750 0.048611
2 0.941016 0.706250 0.019531 0.034722
1 0.380859 0.359028 0.030469 0.056944
2 0.808594 0.220139 0.028125 0.037500
2 0.893359 0.354861 0.028906 0.043056
1 0.751172 0.559722 0.028906 0.069444
2 0.130859 0.456944 0.032031 0.058333
2 0.102344 0.495833 0.026562 0.038889
2 0.040625 0.531250 0.025000 0.048611
2 0.102344 0.768750 0.035937 0.073611
0 0.017188 0.456250 0.012500 0.076389
