1 0.456250 0.902344 0.218056 0.115625
2 0.854167 0.921094 0.155556 0.123438
2 0.696528 0.924609 0.209722 0.114844
1 0.270833 0.484766 0.213889 0.085156
1 0.126389 0.371484 0.177778 0.063281
2 0.956250 0.479297 0.084722 0.069531
1 0.423611 0.495703 0.141667 0.102344
0 0.423611 0.821484 0.080556 0.127344
0 0.268056 0.421094 0.052778 0.128125
0 0.168056 0.328906 0.205556 0.065625
0 0.667361 0.837109 0.059722 0.107031
0 0.768750 0.837109 0.093056 0.083594
2 0.398611 0.966016 0.150000 0.060156
0 0.395833 0.927344 0.069444 0.067187
0 0.276389 0.526953 0.083333 0.035156
2 0.325000 0.544531 0.108333 0.059375
