1 0.404167 0.444444 0.116667 0.153704
1 0.844531 0.063889 0.054688 0.127778
1 0.523698 0.468519 0.085938 0.138889
0 0.430990 0.452778 0.053646 0.135185
2 0.328125 0.179630 0.057292 0.112963
2 0.738802 0.381481 0.066146 0.118519
2 0.841146 0.360648 0.073958 0.117593
0 0.773177 0.334722 0.052604 0.067593
0 0.857292 0.287500 0.033333 0.091667
0 0.145573 0.196296 0.033854 0.053704
0 0.182552 0.248611 0.044271 0.036111
2 0.201302 0.280093 0.061979 0.087963
2 0.166146 0.218056 0.053125 0.097222
0 0.365625 0.195370 0.055208 0.059259
