2 0.668750 0.398438 0.115278 0.056250
2 0.554861 0.376563 0.070833 0.034375
2 0.561806 0.325781 0.073611 0.032813
2 0.713194 0.271094 0.081944 0.043750
2 0.573611 0.246484 0.055556 0.035156
2 0.686111 0.350781 0.061111 0.032813
1 0.563194 0.341406 0.098611 0.048438
1 0.400000 0.275781 0.094444 0.065625
0 0.447222 0.278516 0.105556 0.025781
0 0.681250 0.381641 0.031944 0.049219
0 0.676389 0.326562 0.033333 0.037500
0 0.690972 0.249219 0.048611 0.031250
0 0.543750 0.251953 0.056944 0.011719
0 0.424306 0.332813 0.023611 0.032813
