2 0.579688 0.625694 0.025000 0.051389
2 0.612891 0.436111 0.027344 0.041667
2 0.680078 0.281250 0.025781 0.040278
2 0.990234 0.425000 0.017969 0.052778
2 0.392188 0.403472 0.046875 0.059722
2 0.511328 0.493750 0.013281 0.023611
2 0.701172 0.369444 0.028906 0.038889
2 0.673828 0.510417 0.017969 0.031944
2 0.762500 0.634722 0.012500 0.033333
2 0.755078 0.665278 0.014844 0.038889
2 0.629297 0.600000 0.017969 0.044444
2 0.602344 0.590278 0.021875 0.038889
2 0.519531 0.551389 0.017188 0.033333
2 0.435937 0.534722 0.018750 0.033333
2 0.371094 0.538889 0.017188 0.027778
2 0.304688 0.494444 0.028125 0.038889
2 0.055469 0.392361 0.026562 0.029167
2 0.008203 0.487500 0.016406 0.050000
2 0.043750 0.566667 0.021875 0.047222
1 0.748047 0.632639 0.019531 0.045833
1 0.392969 0.620139 0.028125 0.054167
1 0.081250 0.589583 0.028125 0.034722
1 0.082812 0.529167 0.018750 0.027778
2 0.028125 0.483333 0.021875 0.041667
0 0.391797 0.570139 0.014844 0.079167
0 0.744531 0.587500 0.012500 0.058333
0 0.076953 0.562500 0.010156 0.025000
