1 0.478125 0.526389 0.060417 0.106481
1 0.638542 0.659259 0.056250 0.107407
1 0.205469 0.551852 0.066146 0.118519
0 0.486979 0.442130 0.031250 0.126852
0 0.191406 0.515741 0.031771 0.075926
0 0.245052 0.687037 0.031771 0.044444
0 0.236979 0.825926 0.020833 0.068519
0 0.286458 0.825926 0.026042 0.055556
1 0.504427 0.463426 0.050521 0.091667
0 0.703125 0.721759 0.028125 0.060185
2 0.708854 0.759259 0.053125 0.088889
2 0.651042 0.549074 0.078125 0.129630
2 0.753646 0.631481 0.052083 0.072222
2 0.701302 0.619907 0.054688 0.089815
0 0.700781 0.575463 0.019271 0.058333
0 0.742448 0.579630 0.018229 0.068519
2 0.298438 0.842130 0.052083 0.087963
2 0.242448 0.846759 0.038021 0.073148
2 0.262760 0.694444 0.041146 0.072222
2 0.257031 0.593519 0.044271 0.074074
0 0.157292 0.564815 0.019792 0.064815
