1 0.608333 0.775926 0.046875 0.092593
1 0.722656 0.711574 0.049479 0.082407
1 0.654167 0.606481 0.046875 0.075926
1 0.591667 0.362500 0.041667 0.073148
1 0.753646 0.750926 0.043750 0.079630
0 0.676302 0.602315 0.053646 0.023148
0 0.695052 0.737037 0.040104 0.051852
2 0.629948 0.656481 0.035937 0.059259
0 0.627344 0.682870 0.010937 0.058333
0 0.642448 0.731481 0.010937 0.055556
0 0.621354 0.791667 0.022917 0.050000
0 0.680729 0.429630 0.035417 0.035185
0 0.678906 0.456944 0.042188 0.062037
1 0.555208 0.350463 0.042708 0.069444
0 0.564063 0.374537 0.027083 0.060185
