0 0.539323 0.095370 0.178646 0.179630
0 0.084115 0.136111 0.109896 0.181481
1 0.465625 0.306019 0.164583 0.289815
1 0.593229 0.436574 0.166667 0.212037
1 0.058073 0.321296 0.110937 0.301852
2 0.224219 0.606481 0.119271 0.179630
2 0.633073 0.739352 0.170313 0.315741
2 0.840625 0.857870 0.192708 0.282407
0 0.863802 0.720370 0.072396 0.231481
0 0.233594 0.502315 0.033854 0.093519
0 0.371615 0.825926 0.045312 0.174074
0 0.568229 0.581944 0.036458 0.130556
2 0.496615 0.706019 0.108854 0.217593
2 0.372135 0.927778 0.122396 0.135185
2 0.346875 0.718056 0.090625 0.126852
2 0.429427 0.767130 0.070312 0.156481
2 0.074479 0.672222 0.117708 0.155556
0 0.041146 0.546759 0.040625 0.123148
0 0.341406 0.625463 0.043229 0.121296
