1 0.451625 0.760333 0.139250 0.164667
1 0.607875 0.724167 0.138250 0.175667
1 0.221250 0.168333 0.117000 0.137333
1 0.116250 0.181333 0.115000 0.141333
2 0.536875 0.903500 0.125250 0.161000
2 0.295375 0.457667 0.097750 0.131333
2 0.228125 0.358667 0.092250 0.100667
2 0.365500 0.334667 0.099500 0.141333
0 0.536875 0.670167 0.068250 0.119000
0 0.564125 0.740167 0.056250 0.212333
0 0.105625 0.065667 0.053250 0.126667
0 0.370500 0.281333 0.036000 0.110667
0 0.228625 0.263667 0.032250 0.109333
0 0.591000 0.550833 0.054500 0.212333
