1 0.417000 0.564500 0.081000 0.117000
1 0.530000 0.556000 0.095000 0.124000
1 0.623000 0.587167 0.113500 0.137667
1 0.392125 0.331167 0.062750 0.114333
1 0.298125 0.363000 0.073750 0.121333
1 0.198625 0.336000 0.108750 0.124000
0 0.424000 0.430500 0.037500 0.253667
0 0.622375 0.500667 0.032750 0.125333
0 0.201125 0.240000 0.044750 0.136000
0 0.293625 0.268500 0.038750 0.147667
0 0.354875 0.246500 0.045250 0.121000
1 0.204250 0.114667 0.093000 0.097333
2 0.122875 0.253667 0.066250 0.072000
2 0.116125 0.301167 0.059250 0.059000
