1 0.118750 0.632639 0.046875 0.068056
1 0.902734 0.318750 0.038281 0.065278
1 0.744531 0.660417 0.034375 0.076389
1 0.715625 0.617361 0.025000 0.073611
1 0.294922 0.422917 0.033594 0.073611
1 0.084375 0.793750 0.034375 0.068056
2 0.932422 0.588194 0.028906 0.059722
2 0.783203 0.671528 0.033594 0.073611
2 0.684766 0.632639 0.036719 0.068056
2 0.535547 0.587500 0.041406 0.063889
2 0.459766 0.590972 0.028906 0.056944
2 0.444531 0.565972 0.018750 0.043056
2 0.437891 0.626389 0.024219 0.075000
2 0.369922 0.791667 0.039844 0.075000
2 0.116797 0.863889 0.046094 0.061111
2 0.057031 0.840972 0.034375 0.065278
2 0.115234 0.797222 0.033594 0.055556
2 0.076172 0.727083 0.038281 0.073611
2 0.035937 0.720139 0.031250 0.073611
2 0.703906 0.752778 0.032813 0.088889
1 0.346875 0.177778 0.037500 0.088889
1 0.516406 0.373611 0.050000 0.097222
0 0.115625 0.579861 0.031250 0.087500
