2 0.267361 0.433203 0.068056 0.050781
2 0.678472 0.142969 0.112500 0.073438
2 0.506250 0.322266 0.118056 0.069531
2 0.123611 0.555078 0.094444 0.049219
2 0.295139 0.585938 0.098611 0.053125
1 0.845833 0.660937 0.180556 0.081250
1 0.439583 0.563672 0.220833 0.108594
2 0.756250 0.589063 0.118056 0.075000
2 0.213889 0.433984 0.105556 0.071094
1 0.352778 0.510156 0.138889 0.079687
0 0.833333 0.582812 0.080556 0.137500
0 0.768056 0.541406 0.075000 0.085938
0 0.428472 0.486719 0.062500 0.076563
0 0.527083 0.268750 0.059722 0.073438
0 0.606250 0.142578 0.093056 0.044531
0 0.148611 0.511328 0.044444 0.066406
0 0.296528 0.401562 0.048611 0.053125
0 0.331250 0.542969 0.056944 0.079687
