2 0.816667 0.069141 0.194444 0.107031
2 0.370833 0.753125 0.113889 0.068750
1 0.961111 0.824609 0.075000 0.110156
1 0.409028 0.591406 0.173611 0.095312
1 0.518750 0.689063 0.279167 0.121875
2 0.311111 0.651953 0.086111 0.055469
2 0.579861 0.323828 0.159722 0.089844
2 0.288889 0.362109 0.141667 0.049219
2 0.906250 0.716016 0.129167 0.066406
0 0.511111 0.622266 0.105556 0.082031
0 0.609028 0.254297 0.056944 0.085156
0 0.734028 0.096875 0.109722 0.056250
0 0.940278 0.687500 0.116667 0.050000
0 0.337500 0.609375 0.080556 0.057813
0 0.392361 0.716797 0.073611 0.049219
