1 0.142361 0.575781 0.140278 0.092188
2 0.742361 0.098047 0.148611 0.091406
2 0.579167 0.050000 0.177778 0.093750
1 0.725000 0.430078 0.127778 0.099219
1 0.100000 0.711328 0.183333 0.094531
2 0.324306 0.730469 0.109722 0.064062
1 0.268750 0.730078 0.151389 0.105469
0 0.682639 0.403125 0.165278 0.068750
0 0.170139 0.580078 0.176389 0.049219
0 0.131250 0.664062 0.140278 0.084375
0 0.750000 0.049609 0.080556 0.074219
0 0.522222 0.066406 0.055556 0.067187
0 0.208333 0.712891 0.050000 0.052344
0 0.295139 0.697656 0.065278 0.085938
