2 0.298828 0.522222 0.032031 0.047222
1 0.471875 0.270139 0.020313 0.048611
1 0.751172 0.416667 0.024219 0.050000
1 0.988281 0.447917 0.020313 0.043056
2 0.233203 0.625000 0.024219 0.041667
1 0.130078 0.687500 0.024219 0.050000
1 0.526953 0.426389 0.017969 0.033333
1 0.403125 0.636806 0.021875 0.043056
1 0.465625 0.676389 0.018750 0.030556
1 0.592578 0.630556 0.014844 0.030556
1 0.590625 0.606944 0.021875 0.044444
1 0.805469 0.492361 0.015625 0.031944
1 0.962891 0.504167 0.022656 0.038889
2 0.164453 0.577083 0.021094 0.031944
2 0.094141 0.651389 0.014844 0.030556
2 0.269531 0.602778 0.017188 0.025000
2 0.482812 0.493750 0.015625 0.023611
2 0.073047 0.650000 0.017969 0.036111
2 0.246094 0.616667 0.021875 0.061111
2 0.518359 0.734028 0.022656 0.045833
2 0.385937 0.646528 0.021875 0.037500
2 0.364063 0.547222 0.021875 0.038889
2 0.498047 0.295139 0.016406 0.034722
2 0.646875 0.418750 0.018750 0.031944
2 0.594922 0.372222 0.014844 0.025000
2 0.772266 0.450694 0.011719 0.023611
2 0.784766 0.482639 0.011719 0.026389
2 0.798438 0.426389 0.015625 0.022222
2 0.861719 0.440972 0.015625 0.023611
2 0.116406 0.722222 0.021875 0.036111
2 0.155078 0.688194 0.014844 0.031944
0 0.402344 0.597917 0.007812 0.065278
0 0.299219 0.477778 0.010937 0.066667
0 0.468750 0.643750 0.009375 0.056944
