1 0.434375 0.547917 0.084375 0.151389
2 0.312891 0.468750 0.050781 0.087500
2 0.363281 0.595833 0.073438 0.133333
1 0.330859 0.879861 0.085156 0.143056
1 0.540234 0.452778 0.083594 0.152778
2 0.416016 0.306250 0.053906 0.090278
2 0.350000 0.340972 0.043750 0.076389
0 0.533203 0.461111 0.064844 0.075000
0 0.349609 0.935417 0.052344 0.095833
0 0.449219 0.516667 0.078125 0.122222
0 0.378906 0.359028 0.035937 0.054167
0 0.385937 0.578472 0.046875 0.059722
0 0.436328 0.331250 0.028906 0.084722
0 0.338672 0.486111 0.050781 0.052778
