0 0.372135 0.477315 0.029687 0.130556
0 0.231250 0.737963 0.023958 0.146296
0 0.207552 0.755093 0.023438 0.158333
0 0.075781 0.639352 0.020313 0.126852
1 0.080729 0.712963 0.063542 0.066667
1 0.242969 0.815741 0.041146 0.059259
1 0.212500 0.832407 0.035417 0.075926
1 0.371875 0.564815 0.057292 0.077778
2 0.354167 0.820833 0.059375 0.093519
2 0.455729 0.769907 0.044792 0.073148
2 0.475000 0.583333 0.042708 0.075926
2 0.406771 0.579167 0.063542 0.093519
2 0.465625 0.961111 0.052083 0.075926
2 0.555729 0.941667 0.042708 0.088889
2 0.650000 0.767593 0.054167 0.075926
2 0.605990 0.691667 0.035937 0.053704
2 0.764323 0.573148 0.047396 0.085185
