1 0.478125 0.634722 0.059375 0.125000
2 0.343359 0.721528 0.057031 0.098611
2 0.345313 0.529167 0.032813 0.047222
2 0.387500 0.504861 0.043750 0.070833
1 0.312891 0.194444 0.071094 0.105556
2 0.312891 0.628472 0.041406 0.076389
1 0.301563 0.943750 0.078125 0.109722
2 0.900391 0.100000 0.033594 0.061111
2 0.894922 0.036111 0.032031 0.050000
0 0.460938 0.637500 0.062500 0.052778
0 0.336328 0.154861 0.049219 0.081944
0 0.310547 0.972917 0.024219 0.051389
0 0.418359 0.502778 0.041406 0.030556
0 0.366797 0.553472 0.036719 0.040278
0 0.338281 0.643750 0.042188 0.043056
0 0.368359 0.709722 0.042969 0.027778
