1 0.378125 0.362500 0.052083 0.130556
1 0.522396 0.465741 0.048958 0.105556
1 0.142969 0.507870 0.042188 0.097222
0 0.363021 0.323148 0.045833 0.085185
0 0.513281 0.430556 0.055729 0.053704
0 0.189844 0.723148 0.019271 0.064815
0 0.190625 0.602778 0.025000 0.050000
0 0.139844 0.442593 0.019271 0.092593
0 0.571354 0.514352 0.029167 0.045370
0 0.595833 0.343981 0.027083 0.047222
0 0.564323 0.340278 0.020313 0.052778
2 0.610677 0.372685 0.039062 0.054630
2 0.577604 0.375000 0.034375 0.072222
2 0.536458 0.332870 0.053125 0.091667
2 0.582031 0.540278 0.046354 0.069444
2 0.246615 0.724074 0.054688 0.077778
2 0.196354 0.750926 0.035417 0.066667
2 0.203906 0.606481 0.033854 0.062963
0 0.225781 0.693519 0.025521 0.046296
