2 0.919922 0.729861 0.022656 0.043056
2 0.328906 0.318056 0.028125 0.036111
2 0.806641 0.429167 0.028906 0.050000
2 0.278125 0.893750 0.018750 0.043056
2 0.337500 0.856250 0.018750 0.031944
2 0.341797 0.719444 0.025781 0.047222
2 0.094922 0.509028 0.035156 0.048611
1 0.311719 0.849306 0.032813 0.062500
1 0.314453 0.690278 0.032031 0.075000
1 0.788281 0.486111 0.029687 0.055556
1 0.836328 0.555556 0.024219 0.058333
1 0.893359 0.664583 0.030469 0.051389
1 0.020703 0.904861 0.039844 0.070833
1 0.274609 0.747222 0.024219 0.044444
2 0.653125 0.632639 0.026562 0.048611
2 0.642188 0.708333 0.021875 0.044444
2 0.863672 0.548611 0.025781 0.050000
2 0.882031 0.752083 0.025000 0.045833
2 0.657031 0.426389 0.021875 0.038889
2 0.501563 0.452778 0.025000 0.052778
