2 0.259375 0.587500 0.028125 0.030556
2 0.309375 0.307639 0.031250 0.056944
2 0.863281 0.491667 0.040625 0.066667
2 0.165234 0.787500 0.025781 0.033333
1 0.183594 0.731250 0.043750 0.059722
1 0.811719 0.472917 0.048438 0.106944
1 0.336328 0.285417 0.042969 0.065278
1 0.125000 0.488889 0.043750 0.083333
1 0.985156 0.854167 0.028125 0.072222
2 0.208984 0.862500 0.041406 0.066667
2 0.262109 0.788194 0.039844 0.081944
2 0.097266 0.560417 0.028906 0.059722
2 0.264453 0.657639 0.042969 0.079167
0 0.117969 0.434028 0.026562 0.059722
