2 0.889062 0.587500 0.025000 0.047222
2 0.367578 0.748611 0.025781 0.044444
2 0.602734 0.875694 0.017969 0.040278
2 0.652344 0.886111 0.020313 0.038889
1 0.058203 0.531250 0.060156 0.084722
1 0.045703 0.756250 0.046094 0.051389
1 0.043359 0.806944 0.032031 0.052778
1 0.038281 0.946528 0.032813 0.051389
1 0.207031 0.957639 0.039062 0.056944
1 0.544922 0.644444 0.052344 0.080556
1 0.596875 0.625000 0.028125 0.047222
1 0.361719 0.637500 0.037500 0.094444
1 0.552734 0.398611 0.028906 0.033333
1 0.930078 0.572222 0.021094 0.038889
1 0.668359 0.397222 0.016406 0.033333
2 0.126562 0.752083 0.031250 0.048611
2 0.071484 0.881250 0.039844 0.062500
2 0.210156 0.900000 0.029687 0.052778
2 0.953906 0.360417 0.021875 0.037500
2 0.969141 0.439583 0.024219 0.040278
2 0.921484 0.502778 0.035156 0.058333
2 0.897656 0.369444 0.029687 0.044444
2 0.905859 0.570833 0.027344 0.058333
2 0.867969 0.381250 0.021875 0.037500
2 0.852734 0.577778 0.030469 0.061111
2 0.711719 0.603472 0.020313 0.037500
2 0.602344 0.665278 0.026562 0.038889
2 0.630469 0.879167 0.020313 0.044444
2 0.613672 0.811111 0.030469 0.050000
2 0.562891 0.859028 0.024219 0.065278
2 0.526563 0.721528 0.028125 0.045833
2 0.391016 0.654167 0.036719 0.066667
2 0.300781 0.726389 0.032813 0.061111
2 0.221094 0.767361 0.037500 0.059722
1 0.160547 0.975000 0.044531 0.047222
1 0.883203 0.343056 0.027344 0.052778
2 0.011328 0.847222 0.022656 0.077778
2 0.281250 0.600000 0.025000 0.022222
2 0.638672 0.175000 0.032031 0.041667
0 0.603906 0.588889 0.018750 0.075000
