2 0.467187 0.356250 0.040625 0.095833
1 0.570703 0.748611 0.058594 0.125000
2 0.423828 0.663889 0.041406 0.105556
2 0.522656 0.342361 0.050000 0.112500
2 0.600391 0.288194 0.052344 0.095833
2 0.806641 0.783333 0.044531 0.100000
2 0.808203 0.879167 0.047656 0.052778
1 0.136719 0.579167 0.034375 0.061111
1 0.137109 0.801389 0.035156 0.066667
1 0.162891 0.750000 0.035156 0.083333
1 0.206250 0.721528 0.046875 0.073611
1 0.457422 0.620139 0.060156 0.118056
1 0.948438 0.700000 0.060937 0.083333
1 0.758203 0.792361 0.049219 0.090278
1 0.439844 0.485417 0.054688 0.109722
0 0.580469 0.667361 0.035937 0.112500
0 0.201563 0.662500 0.028125 0.086111
