0 0.408854 0.650000 0.027083 0.133333
0 0.376042 0.655093 0.018750 0.147222
0 0.206250 0.542593 0.027083 0.103704
1 0.212760 0.614815 0.065104 0.075926
1 0.368750 0.750463 0.043750 0.084259
1 0.412500 0.728241 0.054167 0.080556
1 0.567187 0.434259 0.051042 0.135185
1 0.909635 0.383796 0.050521 0.121296
2 0.572135 0.702778 0.050521 0.088889
2 0.678125 0.648611 0.076042 0.093519
2 0.701823 0.463426 0.064062 0.084259
2 0.708854 0.901389 0.062500 0.097222
2 0.785417 0.881944 0.073958 0.089815
2 0.891146 0.675926 0.050000 0.083333
2 0.952604 0.635185 0.064583 0.062963
0 0.568750 0.331019 0.023958 0.132407
2 0.855208 0.563426 0.034375 0.058333
