1 0.513802 0.485648 0.080729 0.141667
1 0.221354 0.581944 0.084375 0.134259
2 0.322656 0.607870 0.074479 0.095370
0 0.514583 0.422685 0.030208 0.106481
0 0.314063 0.537500 0.023958 0.123148
0 0.212240 0.537963 0.034896 0.087037
0 0.136198 0.632870 0.019271 0.087963
2 0.652604 0.793981 0.042708 0.086111
0 0.664844 0.767593 0.018229 0.062963
2 0.587760 0.464815 0.045312 0.092593
0 0.570312 0.433333 0.027083 0.068519
2 0.632552 0.550000 0.054688 0.090741
0 0.609375 0.504630 0.023958 0.062963
2 0.729948 0.664815 0.065104 0.100000
0 0.728125 0.617130 0.039583 0.043519
