2 0.743750 0.932292 0.115625 0.131250
1 0.865625 0.888542 0.146875 0.152083
1 0.763281 0.729167 0.101562 0.158333
1 0.939063 0.705208 0.118750 0.214583
1 0.950000 0.213542 0.093750 0.135417
1 0.816406 0.202083 0.135937 0.166667
1 0.475781 0.452083 0.142187 0.154167
1 0.329688 0.418750 0.171875 0.195833
1 0.246094 0.197917 0.101562 0.145833
1 0.596875 0.335417 0.093750 0.141667
1 0.267188 0.064583 0.078125 0.108333
0 0.327344 0.293750 0.070312 0.162500
0 0.280469 0.141667 0.085938 0.129167
0 0.456250 0.388542 0.031250 0.147917
0 0.903125 0.791667 0.053125 0.162500
0 0.765625 0.885417 0.078125 0.133333
