1 0.533594 0.522917 0.123438 0.154167
1 0.667188 0.828125 0.109375 0.168750
1 0.734375 0.432292 0.090625 0.118750
1 0.650000 0.408333 0.090625 0.120833
1 0.950781 0.571875 0.051562 0.118750
1 0.982031 0.608333 0.029687 0.129167
1 0.084375 0.906250 0.168750 0.183333
1 0.282813 0.959375 0.156250 0.077083
2 0.395313 0.752083 0.112500 0.154167
2 0.373437 0.576042 0.125000 0.135417
2 0.548438 0.793750 0.103125 0.112500
2 0.575000 0.681250 0.106250 0.108333
0 0.496094 0.419792 0.101562 0.135417
0 0.760938 0.350000 0.040625 0.162500
0 0.678906 0.305208 0.054688 0.147917
0 0.678125 0.676042 0.043750 0.214583
0 0.057813 0.813542 0.075000 0.193750
0 0.314063 0.912500 0.059375 0.108333
0 0.361719 0.484375 0.035937 0.164583
0 0.557813 0.696875 0.053125 0.160417
0 0.588281 0.598958 0.070312 0.156250
