1 0.246094 0.507292 0.164062 0.202083
1 0.218750 0.180208 0.106250 0.160417
1 0.082812 0.079167 0.109375 0.141667
1 0.838281 0.635417 0.114062 0.162500
1 0.175781 0.741667 0.151562 0.154167
1 0.095312 0.929167 0.146875 0.137500
1 0.329688 0.763542 0.153125 0.193750
1 0.498437 0.783333 0.143750 0.158333
1 0.649219 0.954167 0.151562 0.087500
1 0.942187 0.836458 0.096875 0.118750
2 0.243750 0.872917 0.100000 0.112500
2 0.555469 0.931250 0.082812 0.100000
0 0.279687 0.419792 0.143750 0.139583
0 0.172656 0.678125 0.045312 0.172917
0 0.067969 0.880208 0.042188 0.202083
0 0.236719 0.790625 0.042188 0.164583
