2 0.157812 0.415625 0.115625 0.147917
2 0.177344 0.280208 0.073438 0.077083
2 0.260937 0.373958 0.081250 0.081250
2 0.475000 0.680208 0.106250 0.118750
1 0.498437 0.445833 0.143750 0.179167
1 0.621875 0.631250 0.125000 0.162500
1 0.570312 0.810417 0.175000 0.200000
1 0.156250 0.729167 0.200000 0.233333
1 0.510938 0.945833 0.162500 0.104167
1 0.079687 0.602083 0.159375 0.141667
1 0.248438 0.308333 0.103125 0.091667
0 0.232031 0.608333 0.145313 0.191667
0 0.500781 0.612500 0.082812 0.129167
0 0.554688 0.872917 0.084375 0.158333
0 0.128906 0.331250 0.051562 0.070833
0 0.248438 0.265625 0.028125 0.135417
