1 0.282031 0.459375 0.095312 0.156250
1 0.118750 0.297917 0.084375 0.116667
1 0.496094 0.564583 0.120313 0.162500
1 0.495312 0.617708 0.068750 0.102083
1 0.770312 0.728125 0.065625 0.097917
1 0.821875 0.637500 0.106250 0.116667
1 0.704688 0.688542 0.078125 0.106250
0 0.783594 0.564583 0.067187 0.083333
0 0.751563 0.625000 0.028125 0.175000
0 0.676562 0.606250 0.037500 0.125000
0 0.463281 0.455208 0.045312 0.143750
0 0.470313 0.493750 0.053125 0.208333
0 0.254688 0.345833 0.028125 0.137500
0 0.063281 0.291667 0.095312 0.045833
0 0.046875 0.394792 0.046875 0.218750
