1 0.312500 0.573958 0.168750 0.185417
1 0.332813 0.793750 0.159375 0.200000
0 0.332031 0.586458 0.098437 0.060417
2 0.225000 0.680208 0.128125 0.152083
1 0.486719 0.471875 0.164062 0.210417
1 0.466406 0.781250 0.173437 0.204167
1 0.935937 0.392708 0.121875 0.256250
1 0.856250 0.510417 0.159375 0.183333
2 0.721875 0.476042 0.118750 0.156250
0 0.813281 0.567708 0.070312 0.152083
2 0.916406 0.685417 0.117188 0.133333
0 0.320312 0.730208 0.068750 0.122917
0 0.466406 0.388542 0.054688 0.093750
0 0.720313 0.507292 0.040625 0.110417
1 0.464062 0.337500 0.131250 0.079167
