1 0.455469 0.511458 0.120313 0.135417
2 0.425000 0.619792 0.071875 0.118750
1 0.139063 0.585417 0.096875 0.125000
1 0.188281 0.735417 0.101562 0.150000
1 0.043750 0.602083 0.087500 0.133333
0 0.032031 0.498958 0.035937 0.160417
0 0.106250 0.495833 0.065625 0.133333
0 0.169531 0.673958 0.035937 0.085417
0 0.419531 0.432292 0.051562 0.106250
0 0.435156 0.533333 0.029687 0.158333
2 0.116406 0.803125 0.120313 0.139583
2 0.057813 0.720833 0.078125 0.091667
0 0.092969 0.731250 0.042188 0.091667
1 0.051562 0.168750 0.087500 0.100000
1 0.245312 0.301042 0.090625 0.147917
1 0.028906 0.342708 0.054688 0.089583
2 0.071875 0.284375 0.109375 0.110417
